data/input/forgpss.txt
ncols         61
nrows         61
xllcorner     349496.20571764
yllcorner     474304.03623113
cellsize      10
NODATA_value  -9999
[rows 0 to 31 of 61, columns 0 to 60 of 61]
-9999 -9999 -9999 -9999 -9999 -9999 -9999 -9999 -9999 -9999 -9999 -9999 -9999 -9999 -9999 -9999 -9999 -9999 -9999 -9999 -9999 -9999 -9999 -9999 -9999 -9999 -9999 -9999 -9999 -9999 -9999 -9999 -9999 -9999 -9999 -9999 -9999 -9999 -9999 -9999 -9999 -9999 -9999 -9999 -9999 -9999 -9999 -9999 -9999 -9999 -9999 -9999 -9999 -9999 -9999 -9999 -9999 -9999 -9999 -9999 -9999
-9999 1009.456 1009.438 1009.505 1009.572 1009.64 1009.707 1009.775 1009.842 1009.909 1009.977 1010 1010 1010.305 1011.116 1011.81 1012.575 1013.844 1014.905 1015.813 1016.721 1017.475 1018.184 1018.606 1018.594 1020 1020 1020 1020 1020 1020.89 1021.934 1022.897 1023.679 1023.889 1025.911 1027.932 1029.954 1030 1030 1030 1030 1030 1030 1030 1030 1030 1030.886 1032.551 1034.216 1036.189 1038.562 1041.595 1046.418 1050 1050.93 1052.234 1053.51 1054.514 1055.996 1057.627
-9999 1008.804 1008.864 1008.932 1008.999 1009.067 1009.134 1009.201 1009.269 1009.336 1009.404 1009.471 1009.538 1009.977 1010 1010.624 1011.659 1012.567 1013.475 1014.383 1015.27 1015.978 1016.984 1017.023 1018.042 1019.676 1020 1020 1020 1020 1020 1020.645 1021.599 1022.339 1023.425 1025.447 1027.468 1029.49 1030 1030 1030 1030 1030 1030 1030 1030 1030.52 1032.437 1034.26 1035.925 1037.59 1039.818 1043.34 1047.377 1050.337 1051.641 1052.946 1054.25 1055.554 1056.858 1058.035
-9999 1008.224 1008.291 1008.359 1008.426 1008.493 1008.561 1008.628 1008.696 1008.763 1008.831 1008.898 1009.308 1009.871 1010 1010 1010.229 1011.138 1012.046 1012.954 1013.772 1014.697 1015.617 1015.855 1017.49 1019.124 1020 1020 1020 1020 1020 1020 1020.301 1020.982 1022.961 1024.982 1027.004 1029.026 1030 1030 1030 1030 1030 1030 1030 1030 1031.131 1032.985 1034.888 1036.79 1038.693 1041.157 1044.85 1048.538 1050.534 1051.874 1053.215 1054.555 1055.896 1057.236 1058.534
-9999 1007.651 1007.718 1007.785 1007.853 1007.92 1007.988 1008.055 1008.122 1008.19 1008.257 1008.638 1009.201 1009.764 1010 1010 1010 1010 1010.616 1011.524 1012.41 1013.528 1014.035 1015.303 1016.937 1018.571 1020 1020 1020 1020 1020 1020 1020 1020.948 1022.497 1024.518 1026.54 1028.561 1030 1030 1030 1030 1030 1030 1030 1030.754 1032.519 1034.067 1035.717 1037.368 1039.019 1040.731 1043.911 1047.562 1050.401 1051.742 1053.007 1054.183 1055.359 1056.535 1058.216
-9999 1007.078 1007.145 1007.212 1007.28 1007.347 1007.415 1007.482 1007.549 1007.617 1007.969 1008.532 1009.095 1009.658 1010 1010 1010 1010 1010 1010.123 1011.241 1012.358 1013.117 1014.751 1016.385 1018.019 1019.653 1020 1020 1020 1020 1020 1020 1022.664 1024.393 1026.566 1027.43 1028.294 1030 1030 1030 1030 1030 1030 1030.33 1032.125 1034.029 1035.351 1037.002 1038.653 1040 1040 1043.113 1046.88 1049.612 1051.009 1052.185 1053.361 1054.64 1056.466 1058.292
-9999 1006.504 1006.572 1006.639 1006.707 1006.774 1006.841 1006.909 1006.976 1007.3 1007.863 1008.426 1008.989 1009.551 1010 1010 1010 1010 1010 1010 1010.071 1011.047 1012.564 1014.198 1015.833 1017.467 1019.101 1020 1020 1020 1020 1021.428 1023.85 1026.38 1029.029 1030.303 1031.332 1032.375 1033.353 1033.557 1033.161 1032.819 1032.592 1032.03 1032.098 1033.668 1035.399 1036.918 1038.286 1039.937 1040 1040 1042.237 1044.969 1047.702 1050.187 1051.363 1052.89 1054.716 1056.39 1058.09
-9999 1005.931 1005.999 1006.066 1006.133 1006.201 1006.268 1006.336 1006.631 1007.194 1007.756 1008.319 1008.882 1009.445 1010 1010 1010 1010 1010 1010 1010 1010.431 1012.021 1013.646 1015.28 1016.914 1018.548 1020 1020 1020.496 1022.749 1025.42 1028.146 1030.672 1032.577 1034.273 1035.333 1036.808 1037.705 1038.056 1038.007 1037.504 1036.862 1034.646 1033.818 1035.28 1036.971 1038.673 1039.571 1040 1040 1041.178 1043.445 1045.512 1047.579 1049.647 1051.095 1052.871 1054.638 1056.404 1058.171
-9999 1005.358 1005.425 1005.493 1005.56 1005.628 1005.695 1005.961 1006.524 1007.087 1007.65 1008.213 1008.776 1009.339 1009.902 1010 1010 1010 1010 1010 1010 1010.107 1011.696 1013.285 1014.874 1016.464 1018.053 1019.642 1021.773 1024.027 1026.28 1028.913 1031.369 1033.646 1035.734 1037.752 1039.33 1040.698 1041.791 1042.235 1042.316 1042.034 1039.475 1037.326 1036.24 1036.771 1038.462 1040.241 1042.004 1042.321 1042.574 1043.385 1045.286 1047.501 1049.569 1050.156 1051.791 1053.291 1054.917 1056.59 1058.264
-9999 1004.785 1004.852 1004.92 1004.987 1005.055 1005.292 1005.855 1006.418 1006.981 1007.544 1008.107 1008.669 1009.232 1009.795 1010 1010 1010 1010 1010 1010 1010.545 1012.701 1014.441 1016.181 1017.921 1019.661 1021.888 1024.378 1026.978 1029.578 1032.005 1034.286 1036.563 1038.772 1040.753 1042.662 1043.896 1045.234 1046.17 1046.252 1046.141 1043.056 1040.009 1038.662 1038.713 1039.953 1042.574 1044.766 1045.319 1045.445 1046.093 1047.705 1049.603 1050.6 1051.647 1053.46 1054.807 1056.192 1057.756 1059.32
-9999 1004.212 1004.279 1004.347 1004.414 1004.623 1005.186 1005.749 1006.311 1006.874 1007.437 1008 1008.563 1009.126 1009.689 1010 1010 1010 1010 1010 1010 1011.603 1013.829 1015.983 1017.959 1019.699 1021.939 1024.284 1026.723 1029.322 1031.824 1034.287 1036.661 1039.034 1041.462 1043.648 1045.571 1047.093 1048.453 1049.814 1050.115 1050.105 1047.664 1044.77 1041.761 1040.911 1042.193 1044.907 1047.318 1048.318 1048.38 1048.869 1050.162 1051.461 1052.514 1053.546 1054.951 1056.621 1057.824 1059.092 1061.145
-9999 1003.639 1003.706 1003.773 1003.953 1004.516 1005.079 1005.642 1006.205 1006.768 1007.331 1007.894 1008.457 1009.02 1009.582 1010 1010 1010 1010 1010 1010.179 1012.66 1014.887 1017.113 1019.246 1021.717 1024.302 1026.681 1029.067 1031.581 1034.048 1036.515 1038.943 1041.367 1043.833 1046.122 1048.267 1050.224 1051.202 1052.18 1052.538 1052.363 1051.173 1048.953 1045.933 1044.269 1044.201 1047.055 1049.866 1050.35 1050.818 1051.42 1052.108 1053.207 1054.428 1055.467 1056.869 1058.27 1059.637 1061.215 1063.347
-9999 1003.065 1003.133 1003.284 1003.847 1004.41 1004.973 1005.536 1006.099 1006.662 1007.224 1007.787 1008.35 1008.913 1009.476 1010 1010 1010 1010 1010 1010.391 1012.914 1015.436 1017.959 1020.469 1023.128 1025.783 1028.368 1030.923 1033.426 1035.911 1038.392 1040.958 1043.679 1046.203 1048.596 1050.643 1052.433 1053.515 1054.493 1054.96 1054.621 1053.404 1051.486 1049.624 1047.627 1046.258 1049.063 1051.305 1052.469 1052.937 1053.761 1054.34 1055.078 1056.316 1057.389 1058.79 1060.292 1062.077 1063.834 1065.573
-9999 1002.492 1002.615 1003.178 1003.741 1004.304 1004.866 1005.429 1005.992 1006.555 1007.118 1007.681 1008.244 1008.807 1009.37 1009.932 1010 1010 1010 1010 1010.604 1013.126 1015.696 1018.303 1021.034 1023.997 1026.96 1029.85 1032.357 1034.875 1037.4 1039.926 1042.777 1045.553 1048.328 1050.852 1052.789 1054.62 1055.766 1056.805 1057.35 1056.879 1055.417 1053.083 1050 1050 1048.988 1050.73 1052.673 1054.588 1055.056 1055.939 1056.66 1057.29 1058.062 1059.31 1061.084 1063.218 1064.753 1066.403 1068.177
-9999 1001.946 1002.509 1003.071 1003.634 1004.197 1004.76 1005.323 1005.886 1006.449 1007.012 1007.575 1008.137 1008.7 1009.263 1009.826 1010 1010 1010 1010 1011.012 1013.521 1016.127 1018.732 1021.527 1024.501 1027.892 1031.296 1034.168 1036.693 1039.219 1042.174 1045.28 1048.055 1050.641 1052.784 1054.927 1056.795 1057.953 1059.1 1059.675 1059.096 1057.066 1053.808 1050.551 1050 1050.476 1052.19 1054.041 1055.984 1057.175 1058.083 1058.981 1059.611 1060.399 1061.876 1064.01 1066.144 1067.547 1068.955 1071.063
-9999 1001.839 1002.402 1002.965 1003.528 1004.091 1004.654 1005.217 1005.779 1006.342 1006.905 1007.468 1008.031 1008.594 1009.157 1009.72 1010 1010 1010 1010.438 1012.337 1014.416 1016.724 1019.198 1022.175 1025.983 1029.791 1032.745 1035.649 1038.511 1041.293 1044.441 1047.59 1050.43 1052.573 1054.716 1056.859 1058.941 1060.162 1061.496 1061.811 1061.403 1058.874 1055.768 1053.1 1050.881 1052.329 1054.044 1055.758 1057.471 1059.294 1060.32 1061.835 1063.208 1064.254 1065.783 1067.255 1069.07 1070.51 1072.376 1074.787
-9999 1001.733 1002.296 1002.859 1003.422 1003.984 1004.547 1005.11 1005.673 1006.236 1006.799 1007.362 1007.925 1008.488 1009.05 1009.613 1010 1010 1010.366 1012.251 1014.084 1015.849 1017.819 1020.215 1024.074 1027.882 1031.289 1034.193 1037.097 1040.047 1043.322 1046.445 1049.568 1052.46 1054.71 1056.839 1058.968 1061.339 1062.706 1064.04 1064.62 1063.505 1061.533 1058.14 1054.986 1054.566 1054.987 1055.765 1057.611 1059.325 1061.484 1063.329 1064.913 1066.702 1068.109 1069.735 1071.391 1073.049 1074.67 1076.529 1078.707
-9999 1001.626 1002.189 1002.752 1003.315 1003.878 1004.441 1005.004 1005.567 1006.13 1006.692 1007.255 1007.818 1008.381 1008.944 1009.507 1010 1010.669 1012.168 1014.064 1015.95 1017.674 1019.442 1022.175 1025.966 1029.781 1032.738 1035.672 1038.623 1041.899 1045.214 1048.337 1051.411 1054.391 1056.802 1059.045 1061.433 1064.032 1065.594 1066.584 1067.43 1065.916 1064.458 1059.929 1057.829 1058.25 1058.671 1059.092 1059.513 1061.499 1064.132 1066.338 1067.991 1069.78 1071.316 1072.448 1074.279 1076.355 1078.43 1080.406 1081.717
-9999 1001.584 1002.206 1002.828 1003.439 1004.011 1004.583 1005.155 1005.727 1006.299 1006.872 1007.444 1008.016 1008.588 1009.16 1009.732 1010.558 1012.53 1014.222 1015.721 1017.711 1019.597 1021.684 1024.755 1028.12 1031.305 1034.256 1037.206 1040.19 1043.752 1047.107 1050.222 1053.239 1056.255 1058.733 1061.474 1064.126 1066.725 1068.374 1069.528 1070 1069.635 1067.045 1063.049 1060 1060 1060 1060 1060 1063.724 1066.47 1069.228 1070.896 1072.397 1073.897 1075.092 1077.167 1079.243 1081.123 1082.823 1084.21
-9999 1001.571 1002.193 1002.815 1003.436 1004.058 1004.68 1005.301 1005.923 1006.545 1007.166 1007.788 1008.41 1009.031 1009.653 1010 1011.404 1013.298 1015.192 1017.358 1019.318 1021.664 1024.185 1026.462 1029.798 1032.689 1035.672 1038.696 1042.043 1045.605 1049 1052.05 1055.066 1058.083 1060.865 1064.006 1066.712 1069.382 1070 1070 1070 1070 1070 1067.275 1062.191 1060 1060 1060 1060.916 1065.412 1068.845 1071.266 1073.258 1074.978 1076.479 1077.98 1080.047 1081.814 1083.582 1085.24 1086.662
-9999 1001.339 1001.957 1002.576 1003.195 1003.814 1004.432 1005.051 1005.67 1006.289 1006.908 1007.526 1008.145 1008.799 1009.499 1010.355 1012.249 1014.144 1016.038 1017.932 1019.936 1022.417 1025.271 1028.144 1031.231 1034.115 1036.994 1040.022 1043.7 1047.378 1050.844 1053.782 1056.72 1059.658 1063.349 1066.521 1069.28 1070 1070 1070 1070 1070 1070 1070 1065.43 1060.882 1060 1060 1062.972 1067.28 1070.97 1073.154 1075.208 1077.099 1078.991 1080.739 1082.506 1084.274 1086.041 1087.657 1089.079
-9999 1001.052 1001.671 1002.29 1002.909 1003.527 1004.146 1004.765 1005.384 1006.003 1006.621 1007.283 1007.983 1008.707 1009.463 1010 1011.556 1013.468 1015.38 1017.394 1019.609 1022.696 1025.852 1028.912 1032.016 1035.145 1038.273 1041.65 1045.381 1049.113 1052.198 1055.092 1058.03 1061.229 1064.959 1068.814 1070 1070 1070 1070 1070 1070 1070 1070 1068.28 1064.089 1063.661 1062.529 1065.719 1069.682 1072.461 1075.043 1077.157 1079.049 1081.03 1083.1 1084.988 1086.738 1088.5 1090.067 1091.357
-9999 1000.766 1001.385 1002.004 1002.622 1003.241 1003.86 1004.479 1005.098 1005.768 1006.469 1007.224 1007.979 1008.734 1009.49 1010 1010.591 1012.833 1015.076 1017.318 1019.561 1022.438 1026.106 1029.774 1032.911 1036.072 1039.233 1043.192 1047.156 1050.686 1053.57 1056.454 1059.341 1062.893 1066.623 1070 1070 1070 1070 1070 1070 1070 1070 1070 1070 1068.478 1066.506 1065.941 1068.557 1071.367 1073.954 1076.599 1079.107 1081.093 1083.163 1085.234 1087.304 1089.255 1091.005 1092.335 1093.551
-9999 1000.48 1001.099 1001.717 1002.336 1002.955 1003.574 1004.252 1004.985 1005.74 1006.496 1007.251 1008.006 1008.762 1009.517 1010 1010.724 1013.715 1016.147 1018.264 1020.417 1023.426 1027.217 1030.852 1033.982 1037.07 1040.287 1044.503 1048.698 1051.886 1054.631 1057.375 1060.162 1063.755 1066.458 1069.323 1070 1070 1070 1070 1070 1070 1070 1070 1070.576 1070.994 1069.367 1069.352 1070.982 1073.351 1075.759 1078.346 1080.875 1083.078 1085.144 1087.209 1089.275 1091.596 1093.522 1094.816 1095.907
-9999 1000.194 1000.813 1001.431 1002.05 1002.746 1003.502 1004.257 1005.012 1005.768 1006.523 1007.278 1008.034 1008.789 1009.544 1010 1011.381 1013.744 1016.641 1019.632 1021.978 1024.303 1027.935 1031.459 1034.664 1037.868 1041.31 1045.334 1049.429 1052.422 1055.238 1058.053 1060.807 1063.538 1066.268 1068.797 1070 1070 1070 1070 1070 1070 1070 1071.052 1072.18 1073.219 1072.126 1072.268 1073.413 1075.342 1077.71 1080.142 1082.568 1084.97 1087.036 1089.102 1091.389 1093.848 1096.04 1097.296 1098.388
-9999 1000 1000.526 1001.263 1002.018 1002.773 1003.529 1004.284 1005.039 1005.795 1006.55 1007.305 1008.061 1008.816 1009.571 1010.219 1012.582 1014.945 1017.308 1019.671 1022.828 1025.864 1028.653 1032.066 1035.223 1038.078 1041.464 1045.948 1050.11 1052.869 1055.485 1058.101 1060.749 1063.479 1065.706 1067.537 1069.205 1070 1070 1070 1070 1070.401 1071.528 1072.655 1073.783 1074.91 1074.4 1075.069 1076.182 1077.635 1079.701 1082.224 1084.479 1086.687 1088.928 1091.183 1093.641 1096.1 1098.557 1099.777 1100
-9999 1000 1000.582 1001.29 1002.021 1002.777 1003.534 1004.29 1005.047 1005.803 1006.56 1007.316 1008.073 1008.829 1009.586 1010.98 1013.145 1015.2 1017.082 1018.981 1021.717 1025.422 1029.2 1032.308 1035.162 1038.016 1041.368 1045.308 1050.197 1052.813 1055.429 1058.046 1060.528 1062.615 1064.587 1066.255 1067.923 1069.602 1070 1070 1070.876 1072.004 1073.131 1074.259 1075.386 1076.514 1076.674 1077.869 1078.952 1080.414 1081.919 1084.385 1086.908 1089.068 1090 1092.003 1094.234 1096.465 1098.397 1100 1100
-9999 1000.682 1001.219 1001.919 1002.627 1003.335 1004.043 1004.751 1005.459 1006.167 1006.875 1007.583 1008.29 1008.998 1009.706 1010.677 1012.545 1014.444 1016.343 1018.304 1020.509 1024.925 1029.11 1032.247 1034.971 1037.427 1039.883 1044.602 1050.142 1052.745 1055.129 1057.315 1059.501 1061.61 1063.305 1065.028 1066.787 1068.546 1070.225 1071.352 1072.48 1073.607 1074.734 1075.862 1076.989 1078.117 1078.947 1080.549 1081.593 1083.247 1084.733 1086.756 1089.221 1090 1090 1090.302 1092.534 1094.765 1094.952 1096.107 1096.02
-9999 1001.53 1002.288 1002.548 1003.256 1003.964 1004.672 1005.38 1006.088 1006.796 1007.504 1008.212 1008.92 1009.628 1010 1010.097 1012.083 1014.068 1015.969 1017.845 1019.722 1023.918 1028.441 1031.507 1033.959 1036.412 1039.087 1043.721 1049.266 1051.811 1053.931 1056.051 1058.171 1060.616 1062.485 1064.354 1066.224 1068.093 1070.007 1071.608 1073.234 1074.763 1075.936 1077.11 1078.284 1079.458 1080.73 1082.506 1083.961 1085.226 1087.143 1089.128 1090 1090 1090 1090 1090.834 1093.065 1091.686 1091.909 1091.821
-9999 1002.378 1003.233 1003.329 1003.886 1004.594 1005.302 1006.01 1006.717 1007.425 1008.133 1008.841 1009.549 1010 1010 1010 1011.729 1013.606 1015.483 1017.36 1019.237 1022.675 1026.72 1030.464 1033.019 1035.535 1038.016 1041.283 1046.335 1049.41 1051.713 1053.833 1056.756 1059.976 1061.855 1063.724 1065.632 1067.878 1070.086 1071.633 1073.181 1074.728 1076.275 1077.823 1079.3 1080.144 1081.763 1083.382 1085.001 1086.962 1088.827 1090 1090 1090 1090 1090 1090 1089.67 1088.026 1087.854 1087.771
-9999 1003.226 1004.167 1004.409 1004.515 1005.223 1005.931 1006.639 1007.347 1008.055 1008.763 1009.471 1010 1010 1010 1010 1011.644 1013.491 1015.338 1017.184 1019.031 1021.492 1025.127 1028.93 1031.807 1034.292 1036.957 1039.63 1043.119 1046.193 1049.268 1052.452 1055.671 1058.891 1061.252 1063.499 1065.745 1067.992 1070.164 1071.711 1073.225 1074.739 1076.252 1077.766 1079.28 1080.602 1082.389 1084.176 1085.963 1087.653 1089.304 1090 1090 1089.893 1088.922 1087.951 1086.713 1085.913 1084.518 1083.918 1083.836
-9999 1004.074 1005.015 1005.459 1005.439 1005.852 1006.56 1007.268 1007.976 1008.684 1009.392 1010 1010 1010 1010 1010 1011.609 1013.452 1015.299 1017.146 1018.992 1021.426 1024.566 1027.706 1030.699 1033.442 1036.006 1038.393 1041.037 1044.308 1048.416 1051.948 1055.223 1058.428 1060.991 1063.486 1065.729 1067.973 1070.144 1071.639 1073.134 1074.629 1076.124 1077.619 1079.12 1080.204 1081.991 1083.778 1085.531 1086.93 1088.357 1089.146 1088.7 1087.442 1085.343 1084.371 1083.206 1081.72 1080.69 1079.981 1079.894
